240210
080510
011009
230809
310809
090908
220210
041009
101109
310709
260910
111209
171109
171009
190908
170310
241208
080410
130310
161209
030409
160110
060709
090909
090709
200709
270210
081009
120710
220710
230809
211209
050909
050909
090510
100110
161009
271009
260509
200310
271109
140909
161209
050110
110410
050809
230110
200410
150510
011109
290108
051109
250410
240110
230810
060909
250410
130710
160909
310510
091209
080909
121109
170409
190909
060709
270410
080110
201009
310709
160410
170609
220310
060609
221009
160610
060310
070310
280809
280809
070110
141110
120110
050710
080310
291010
081009
220810
200110
261109